tensor([[ 0.7755, -0.1240],
        [ 0.0000,  0.7904]])
tensor([[ 0.6921, -0.1379],
        [ 0.0000,  0.7137]])
tensor([[ 0.6468, -0.1423],
        [ 0.0000,  0.6719]])
tensor([[ 0.6191, -0.1455],
        [ 0.0000,  0.6469]])
tensor([[ 0.6014, -0.1488],
        [ 0.0000,  0.6315]])
tensor([[ 0.5899, -0.1521],
        [ 0.0000,  0.6221]])
tensor([[ 0.5825, -0.1552],
        [ 0.0000,  0.6165]])
tensor([[ 0.5778, -0.1579],
        [ 0.0000,  0.6132]])
tensor([[ 0.5749, -0.1601],
        [ 0.0000,  0.6114]])
tensor([[ 0.5733, -0.1616],
        [ 0.0000,  0.6104]])
tensor([[ 0.5724, -0.1626],
        [ 0.0000,  0.6098]])