tensor([[ 0.7577,  0.0000],
        [-0.1138,  0.8090]])
tensor([[ 0.6728,  0.0000],
        [-0.1252,  0.7342]])
tensor([[ 0.6272,  0.0000],
        [-0.1286,  0.6929]])
tensor([[ 0.5993,  0.0000],
        [-0.1309,  0.6683]])
tensor([[ 0.5813,  0.0000],
        [-0.1334,  0.6533]])
tensor([[ 0.5695,  0.0000],
        [-0.1360,  0.6444]])
tensor([[ 0.5617,  0.0000],
        [-0.1384,  0.6392]])
tensor([[ 0.5568,  0.0000],
        [-0.1406,  0.6364]])
tensor([[ 0.5537,  0.0000],
        [-0.1423,  0.6349]])
tensor([[ 0.5518,  0.0000],
        [-0.1436,  0.6341]])
tensor([[ 0.5508,  0.0000],
        [-0.1444,  0.6337]])