tensor([[ 0.7682, -0.0598],
        [-0.0598,  0.8026]])
tensor([[ 0.6871, -0.0667],
        [-0.0667,  0.7254]])
tensor([[ 0.6433, -0.0691],
        [-0.0691,  0.6830]])
tensor([[ 0.6168, -0.0708],
        [-0.0708,  0.6575]])
tensor([[ 0.6000, -0.0725],
        [-0.0725,  0.6417]])
tensor([[ 0.5893, -0.0742],
        [-0.0742,  0.6320]])
tensor([[ 0.5826, -0.0759],
        [-0.0759,  0.6262]])
tensor([[ 0.5784, -0.0773],
        [-0.0773,  0.6229]])
tensor([[ 0.5759, -0.0783],
        [-0.0783,  0.6210]])
tensor([[ 0.5745, -0.0791],
        [-0.0791,  0.6200]])
tensor([[ 0.5737, -0.0796],
        [-0.0796,  0.6194]])