tensor([[ 0.7877, -0.0622],
        [-0.0622,  0.7831]])
tensor([[ 0.7088, -0.0694],
        [-0.0694,  0.7037]])
tensor([[ 0.6659, -0.0718],
        [-0.0718,  0.6605]])
tensor([[ 0.6399, -0.0736],
        [-0.0736,  0.6344]])
tensor([[ 0.6237, -0.0754],
        [-0.0754,  0.6180]])
tensor([[ 0.6136, -0.0772],
        [-0.0772,  0.6078]])
tensor([[ 0.6074, -0.0789],
        [-0.0789,  0.6015]])
tensor([[ 0.6037, -0.0803],
        [-0.0803,  0.5976]])
tensor([[ 0.6015, -0.0815],
        [-0.0815,  0.5954]])
tensor([[ 0.6003, -0.0823],
        [-0.0823,  0.5941]])
tensor([[ 0.5996, -0.0828],
        [-0.0828,  0.5934]])